0	41
0	106
1	1
1	1
1	31
1	31
1	54
1	136
1	159
1	213
1	218
1	229
1	230
2	2
2	2
2	51
2	66
2	162
2	164
2	212
2	247
3	11
3	85
3	85
3	88
3	115
3	145
3	145
3	170
3	187
3	187
3	244
3	244
4	4
4	4
4	4
4	151
4	213
4	224
4	238
5	5
5	5
5	117
5	133
5	156
5	157
5	177
5	218
7	7
7	7
7	7
7	34
7	40
7	70
7	76
7	98
7	120
7	140
7	152
7	168
7	180
7	209
7	209
7	223
7	231
8	8
8	8
8	8
8	8
8	8
8	25
8	53
8	59
8	110
8	126
8	168
8	212
9	9
9	170
10	10
10	82
10	106
10	179
11	3
11	11
11	11
11	11
11	11
11	11
11	11
11	11
11	23
11	27
11	31
11	33
11	52
11	57
11	59
11	59
11	82
11	99
11	109
11	110
11	110
11	110
11	110
11	110
11	115
11	153
11	153
11	199
11	209
11	244
11	252
12	12
12	23
12	32
12	32
12	46
12	51
12	51
12	73
12	147
12	147
12	172
12	178
12	213
12	234
13	13
13	13
13	13
13	13
13	13
13	81
13	85
13	85
13	85
13	110
13	135
13	140
13	140
13	152
13	155
13	164
13	166
13	204
13	211
13	215
13	225
13	226
13	246
14	14
14	14
14	14
14	29
14	37
14	66
14	68
14	146
14	146
14	226
15	15
15	56
15	65
15	73
15	122
15	228
16	16
16	116
16	163
16	201
16	242
17	11
17	17
17	17
17	25
17	57
17	106
17	201
17	246
18	18
18	41
18	41
18	70
18	71
18	88
18	110
18	167
18	186
18	187
18	211
19	19
19	19
19	26
19	59
19	67
19	245
20	34
20	194
20	213
20	235
21	21
21	21
21	23
21	72
21	173
21	210
21	244
22	29
22	34
22	62
22	215
22	215
22	250
22	250
23	23
23	23
23	59
23	61
23	77
23	112
23	126
23	127
23	137
23	137
23	169
23	194
24	12
24	12
24	24
24	24
24	39
24	51
24	58
24	65
24	65
24	125
24	125
24	125
24	125
24	125
24	147
24	147
24	160
24	204
24	204
24	253
25	7
25	17
25	17
25	17
25	25
25	25
25	71
25	120
25	120
25	126
25	168
25	179
26	45
26	228
26	234
27	5
27	27
27	27
27	30
27	66
27	82
27	95
27	104
27	116
27	136
27	149
27	169
27	247
28	28
28	41
28	71
28	76
28	145
29	22
29	39
29	52
29	170
29	227
30	30
30	181
31	1
31	1
31	1
31	11
31	31
31	31
31	95
31	150
31	228
32	12
32	12
32	32
32	32
32	62
32	161
32	161
32	227
32	253
33	8
33	11
33	33
33	33
33	53
33	69
33	97
33	109
33	125
33	155
33	177
33	179
33	228
33	243
34	37
34	118
34	149
35	80
35	119
35	219
36	24
36	36
36	36
36	36
36	118
36	154
36	154
36	178
37	34
37	34
37	37
37	66
37	85
37	164
37	199
37	215
37	224
38	128
39	31
39	33
39	39
39	39
39	39
39	60
39	79
39	79
39	101
39	101
39	116
39	117
39	185
39	192
39	212
39	244
40	40
40	48
40	120
40	168
41	18
41	36
41	242
42	19
42	42
42	42
42	87
43	51
43	68
43	86
43	124
43	143
43	243
44	28
44	44
44	58
44	72
44	122
44	122
44	122
45	9
45	32
45	70
45	205
46	46
46	46
46	46
46	62
46	62
46	64
46	86
46	133
46	137
46	137
46	150
46	152
46	163
46	199
46	210
46	235
46	240
47	47
47	84
47	124
47	202
47	232
47	241
48	31
49	55
49	105
49	143
49	151
49	152
49	171
49	192
50	6
50	24
50	41
50	109
50	143
50	172
50	181
51	11
51	19
51	19
51	24
51	43
51	44
51	44
51	51
51	51
51	51
51	51
51	51
51	51
51	51
51	51
51	51
51	53
51	101
51	109
51	110
51	114
51	164
51	164
51	166
51	196
51	240
52	52
52	52
52	123
52	125
52	155
52	195
52	237
53	8
53	8
53	8
53	11
53	11
53	17
53	23
53	23
53	31
53	51
53	53
53	53
53	53
53	70
53	77
53	97
53	108
53	110
53	122
53	145
53	168
53	196
53	199
53	209
53	217
53	225
53	225
53	225
53	240
53	246
54	79
54	127
55	254
56	11
56	56
56	84
56	117
56	164
56	181
57	30
57	57
57	109
57	120
57	133
57	143
58	44
58	186
58	218
59	11
59	19
59	21
59	23
59	23
59	32
59	46
59	59
59	59
59	59
59	59
59	59
59	66
59	81
59	110
59	110
59	110
59	110
59	110
59	115
59	137
59	152
59	165
59	166
59	166
59	169
59	169
59	169
59	182
59	192
59	209
59	213
59	236
60	21
60	21
60	26
60	60
60	169
60	175
61	13
61	23
61	49
61	61
61	61
61	137
61	152
61	155
61	193
61	225
62	62
62	125
62	128
62	160
62	162
62	164
62	164
62	186
62	199
62	199
62	199
62	217
62	247
63	16
63	63
63	77
63	120
63	120
64	7
64	64
64	73
64	98
64	98
65	32
65	51
65	65
65	128
65	147
65	150
65	196
65	198
65	199
65	228
65	234
65	246
66	37
66	49
66	49
66	66
66	68
66	89
66	119
66	140
66	152
66	169
66	169
66	188
66	226
67	143
67	214
68	43
68	51
68	51
68	61
68	68
68	68
68	68
68	101
68	110
68	132
68	135
68	135
68	152
68	176
68	192
68	226
68	227
69	11
69	17
69	33
69	51
69	69
69	69
69	69
69	69
69	109
69	110
69	116
69	192
69	199
70	15
70	70
70	70
70	97
70	143
70	148
70	186
70	204
70	224
71	17
71	18
71	51
71	69
71	71
71	71
71	71
71	89
71	102
71	126
71	168
71	182
71	209
72	32
72	46
72	72
73	35
73	184
73	191
73	239
74	10
74	149
74	157
74	188
75	69
75	75
75	75
75	75
75	108
75	139
75	205
75	246
76	7
76	28
76	70
76	76
76	148
76	150
76	160
77	40
77	77
77	91
77	225
77	241
78	32
78	36
78	78
79	79
79	79
79	79
79	105
79	116
79	139
79	141
80	3
80	35
80	119
80	121
80	135
80	144
80	208
81	13
81	34
81	46
81	46
81	46
81	49
81	81
81	143
81	152
81	182
81	217
81	233
82	53
82	72
82	82
82	115
82	115
82	120
82	153
82	158
82	212
82	238
83	50
83	95
84	47
84	65
84	70
84	168
85	13
85	22
85	66
85	68
85	85
85	85
85	85
85	110
85	135
85	145
85	152
85	160
85	225
85	234
85	246
86	12
86	13
86	15
86	44
86	44
86	122
86	133
86	133
86	142
86	147
86	163
86	164
86	166
86	209
86	209
87	128
87	172
88	16
88	46
88	88
88	120
88	195
88	216
89	7
89	34
89	37
89	71
89	89
89	89
89	89
89	108
89	113
89	149
89	171
89	209
89	209
90	5
91	11
91	77
91	77
91	99
91	112
92	0
92	89
92	151
92	222
92	248
93	45
93	83
93	173
93	205
93	247
94	62
95	4
95	21
95	26
95	42
95	60
95	95
96	5
96	133
96	255
97	3
97	60
97	82
97	87
97	91
97	134
97	150
97	150
97	199
98	40
98	98
99	46
99	52
99	99
99	99
99	99
100	83
100	206
101	27
101	51
101	86
101	102
101	164
101	166
101	169
101	192
101	192
101	196
101	199
101	205
102	7
102	15
102	43
102	102
102	102
102	113
102	176
102	176
102	185
102	185
103	13
103	103
103	103
103	112
104	2
104	4
104	30
104	30
104	59
104	104
104	104
104	142
104	143
104	164
104	213
105	122
105	163
105	166
105	227
105	230
105	249
106	0
106	2
106	75
106	108
106	141
106	213
107	111
107	193
107	222
108	2
108	31
108	49
108	62
108	86
108	89
108	89
108	104
108	108
108	108
108	108
108	117
108	118
108	205
108	209
108	231
108	247
108	247
109	6
109	17
109	17
109	102
109	109
109	125
109	125
109	170
109	209
109	252
110	8
110	13
110	13
110	24
110	46
110	51
110	51
110	53
110	66
110	68
110	84
110	85
110	101
110	110
110	110
110	110
110	110
110	110
110	134
110	142
110	142
110	143
110	164
110	164
110	199
110	199
110	199
110	209
110	209
110	225
110	226
110	238
111	67
111	107
111	111
111	186
111	206
111	242
111	245
113	71
113	132
113	171
113	184
113	191
114	3
114	27
114	109
114	114
114	139
114	145
114	202
114	206
115	1
115	56
115	75
115	153
115	164
115	252
116	11
116	33
116	69
116	86
116	116
116	116
116	116
116	136
116	172
116	178
116	212
117	48
117	177
117	212
117	228
118	0
118	34
118	37
118	108
118	108
118	156
118	156
118	171
118	231
118	233
118	246
119	103
119	119
119	155
119	184
119	206
119	229
120	26
120	53
120	57
120	126
120	190
120	216
121	3
121	61
121	121
121	121
121	121
122	19
122	23
122	23
122	32
122	44
122	44
122	122
122	122
122	166
122	227
122	228
122	230
122	234
123	123
123	242
124	15
124	40
124	58
124	193
124	245
125	5
125	24
125	29
125	67
125	109
125	125
125	125
125	145
125	211
125	228
126	4
126	4
126	7
126	23
126	23
126	25
126	81
126	126
126	143
126	172
126	177
126	209
127	40
127	84
127	127
127	127
127	127
127	152
127	230
127	251
127	254
128	9
129	33
129	129
129	162
130	20
130	38
130	55
130	200
131	8
131	30
131	113
132	94
132	96
132	149
132	149
132	161
132	165
133	17
133	96
133	133
133	138
133	236
133	249
134	11
134	45
134	62
134	72
134	134
134	154
134	169
134	169
134	192
134	210
134	239
135	3
135	28
135	68
135	114
135	114
135	135
135	135
135	164
135	198
135	204
135	220
136	5
136	49
136	96
136	116
136	153
136	166
136	192
137	46
137	46
137	76
137	137
138	58
138	236
139	20
139	111
139	114
139	139
139	139
139	179
139	202
139	248
140	13
140	13
140	53
140	140
140	140
140	219
140	251
141	57
141	94
141	141
141	141
141	141
141	149
141	226
141	226
142	44
142	69
142	71
142	109
142	139
142	142
142	142
142	201
143	16
143	17
143	44
143	46
143	64
143	70
143	86
143	104
143	143
143	153
143	168
143	168
143	169
143	233
143	240
144	52
144	64
144	99
144	135
144	166
144	236
145	3
145	3
145	16
145	18
145	18
145	22
145	52
145	85
145	121
145	135
145	145
145	199
145	199
146	62
146	62
146	101
146	134
146	135
146	142
146	146
146	146
146	224
146	227
147	2
147	84
147	143
147	172
147	178
147	209
147	234
147	241
148	58
148	93
148	148
148	217
149	140
149	149
149	149
149	149
149	217
149	226
149	226
149	226
150	3
150	6
150	8
150	58
150	81
150	143
150	150
150	150
150	150
150	193
150	199
150	209
150	224
150	247
151	4
151	61
151	151
151	152
151	158
151	191
152	13
152	13
152	16
152	40
152	49
152	59
152	62
152	68
152	68
152	81
152	81
152	85
152	145
152	149
152	152
152	163
152	163
152	163
152	182
153	11
153	11
153	11
153	11
153	11
153	11
153	21
153	57
153	59
153	59
153	99
153	99
153	143
153	153
153	153
153	153
153	153
153	233
155	7
155	8
155	8
155	44
155	63
155	103
155	103
155	103
155	112
155	140
155	155
155	155
155	188
156	22
156	38
156	240
157	16
157	30
157	44
157	82
157	151
157	157
157	194
157	238
157	238
158	7
158	7
158	44
158	61
158	74
158	140
158	140
158	152
158	158
158	159
158	159
158	169
158	171
159	105
159	188
160	24
160	160
160	160
160	160
160	199
161	32
161	32
161	32
161	136
161	161
162	4
162	70
162	146
162	162
162	162
162	168
162	255
163	4
163	50
163	89
163	104
163	126
163	139
163	143
163	163
163	182
163	195
163	239
163	248
164	37
164	66
164	66
164	101
164	101
164	134
164	142
164	164
164	164
164	164
164	164
164	164
164	164
164	164
164	164
164	164
164	169
164	169
164	199
165	114
165	116
165	116
165	153
165	165
165	165
166	43
166	51
166	51
166	51
166	59
166	59
166	59
166	59
166	69
166	116
166	152
166	166
166	166
166	193
167	85
167	107
167	145
167	186
167	223
167	225
168	7
168	25
168	53
168	57
168	110
168	110
168	120
168	142
168	168
168	168
168	168
168	168
168	209
168	209
168	232
169	4
169	27
169	37
169	46
169	59
169	62
169	116
169	134
169	134
169	149
169	149
169	157
169	163
169	164
169	169
169	169
169	169
169	169
169	192
169	196
169	255
170	29
170	37
170	50
170	170
170	198
170	244
171	171
171	171
171	176
171	239
172	50
172	86
172	102
172	138
172	147
172	172
172	172
172	233
173	38
173	72
173	93
173	148
173	173
173	173
173	189
174	80
174	90
174	203
175	170
175	175
175	175
176	75
176	102
176	106
176	176
176	176
176	176
176	227
176	227
177	11
177	139
177	168
177	177
177	186
177	209
177	248
178	4
178	32
178	147
178	178
179	52
179	69
179	114
179	145
179	155
179	179
179	179
179	193
179	206
179	230
180	3
180	8
180	89
180	97
180	168
180	188
180	223
180	255
181	2
181	18
181	50
181	118
181	139
181	181
181	181
181	244
182	16
182	153
182	165
182	182
182	182
182	182
182	182
182	230
182	252
182	252
185	14
185	102
185	198
185	227
186	3
186	4
186	98
186	131
186	177
186	186
186	233
186	241
187	3
187	3
187	8
187	17
187	50
187	84
187	109
187	146
187	187
187	187
187	201
187	252
188	10
188	11
188	48
188	66
188	229
189	130
190	40
190	100
190	155
190	182
190	190
190	203
191	5
191	20
191	55
191	95
191	113
192	2
192	12
192	101
192	134
192	153
192	156
192	166
192	227
193	13
193	15
193	15
193	114
193	127
193	127
193	155
193	193
193	193
193	228
193	228
193	232
194	1
194	32
194	158
194	194
194	194
194	194
194	196
195	79
195	88
195	144
196	31
196	39
196	53
196	60
196	82
196	95
196	164
196	180
196	194
196	196
196	196
196	196
196	196
196	196
196	212
196	224
196	247
196	247
196	247
197	7
197	93
197	103
197	184
197	185
197	197
197	222
198	52
198	53
198	68
198	112
198	198
198	230
199	3
199	3
199	9
199	12
199	13
199	24
199	46
199	62
199	76
199	110
199	164
199	187
199	199
199	199
199	199
199	199
199	199
199	199
199	199
199	199
199	224
199	234
199	240
200	40
200	57
200	138
200	157
200	157
200	200
200	249
201	16
201	18
201	29
201	102
201	106
201	110
201	142
201	198
201	201
201	201
201	209
201	252
201	252
201	252
201	252
202	96
202	243
203	15
203	180
203	203
203	203
204	51
204	84
204	84
204	84
204	108
204	147
204	204
204	208
205	24
205	29
205	48
205	62
205	108
206	67
206	100
206	251
207	211
207	221
207	250
208	26
208	33
208	73
208	97
208	97
208	206
208	208
209	8
209	11
209	15
209	59
209	69
209	71
209	110
209	110
209	126
209	137
209	142
209	143
209	180
209	192
209	209
209	209
209	209
209	246
209	246
210	27
210	62
210	135
210	153
210	181
210	210
210	244
211	13
211	64
211	71
211	76
211	187
211	195
211	211
211	211
211	246
212	82
212	136
212	154
212	208
212	210
212	212
212	212
213	5
213	32
213	57
213	58
213	156
213	194
214	67
214	81
214	159
214	241
215	22
215	119
215	148
216	57
216	88
216	88
216	91
216	112
216	112
216	112
216	216
217	62
217	66
217	66
217	217
218	2
218	4
218	58
218	231
219	10
219	14
219	146
220	54
220	124
220	159
220	217
220	220
220	235
221	93
221	187
221	207
221	208
221	210
222	74
222	180
222	185
222	255
223	7
223	140
223	219
223	223
223	230
224	9
224	32
224	62
224	72
224	108
224	134
224	173
224	215
225	13
225	49
225	53
225	68
225	150
225	152
225	168
225	197
225	225
225	230
225	232
225	251
226	22
226	22
226	66
226	75
226	106
226	115
226	136
226	150
226	225
226	225
226	226
226	226
226	226
227	14
227	68
227	105
227	110
227	139
227	146
227	227
227	227
227	227
227	227
228	8
228	8
228	8
228	31
228	31
228	59
228	65
228	97
228	155
228	168
228	179
228	199
228	228
228	228
228	228
228	251
229	137
230	68
230	85
230	114
230	166
230	166
230	192
230	230
230	230
230	235
230	249
231	31
231	89
231	101
231	168
231	196
231	212
231	231
232	122
232	179
232	225
232	232
233	3
233	70
233	120
233	245
234	46
234	122
234	122
234	173
235	28
235	147
235	163
235	198
235	253
236	12
236	22
236	26
236	144
236	166
236	172
236	236
236	236
236	236
238	210
238	210
238	238
239	37
239	49
239	156
239	239
240	86
240	88
240	142
240	143
240	178
240	211
240	240
240	240
240	241
240	246
241	26
241	70
241	209
241	216
241	216
242	36
242	52
242	88
242	88
242	121
242	242
242	250
243	67
243	96
243	111
243	180
243	243
244	3
244	21
244	27
244	37
244	62
244	62
244	118
244	181
244	199
244	220
244	244
245	72
245	200
245	208
245	216
245	241
245	245
245	245
245	245
246	50
246	118
246	125
246	150
246	199
246	204
246	246
246	246
246	246
246	246
246	246
247	104
247	118
247	120
247	162
247	223
247	231
247	247
247	247
247	247
247	247
247	255
248	180
249	104
249	105
249	152
249	213
250	36
250	148
250	222
251	31
251	251
252	3
252	3
252	17
252	114
252	139
252	190
252	226
252	226
252	252
252	252
252	252
252	252
252	252
253	12
253	12
253	37
253	44
253	47
253	58
253	124
253	127
253	135
254	23
254	81
254	110
254	214
254	253
254	254
255	69
255	115
255	246