0	0
0	3
0	3
0	27
1	6
1	21
1	30
2	2
2	2
2	19
2	19
2	24
2	29
3	3
3	3
3	3
3	16
3	26
3	27
4	4
4	4
4	4
4	4
4	4
4	8
4	11
4	15
4	15
4	24
4	24
4	27
4	28
4	31
4	31
5	5
5	5
5	5
5	5
5	5
5	5
5	7
5	25
5	25
6	6
6	6
6	18
6	18
6	20
6	31
7	0
7	5
7	7
7	10
7	11
7	13
7	29
8	5
8	8
8	8
8	8
8	18
8	18
8	25
9	6
9	9
9	12
9	22
10	10
10	10
10	19
10	24
10	25
11	4
11	4
11	11
11	11
11	11
11	11
11	11
11	13
11	15
11	17
11	31
12	0
12	7
13	3
13	7
13	11
13	13
13	15
13	28
14	14
14	25
14	26
15	15
15	22
16	16
16	16
16	29
17	0
17	15
17	17
17	17
17	24
17	25
18	5
18	18
18	18
18	21
18	24
18	25
18	28
19	0
19	5
19	17
19	17
19	17
19	19
19	19
19	19
19	26
20	18
20	20
20	20
20	20
21	8
21	16
21	18
21	21
22	15
22	22
22	22
22	31
23	2
23	2
23	2
23	23
23	23
24	4
24	16
24	16
24	17
24	24
24	24
24	24
24	24
24	24
24	24
24	30
25	0
25	4
25	5
25	5
25	7
25	10
25	11
25	13
25	14
25	18
25	18
25	18
25	20
25	25
25	25
25	28
26	2
26	4
26	4
26	5
26	14
26	19
26	26
26	26
26	26
26	26
26	26
26	26
27	6
28	4
28	4
28	8
28	15
28	16
28	16
28	25
28	28
28	28
28	28
28	28
28	31
28	31
29	11
29	16
29	29
30	11
31	4
31	22
31	28
31	31
31	31
