% bip unweighted
% 1476 829 551
0 0 0.237788
0 1 0.291066
0 2 0.845814
0 3 0.152208
1 4 0.585537
1 5 0.193475
1 6 0.810623
1 7 0.173531
1 8 0.484983
1 9 0.151863
1 10 0.366957
1 11 0.491736
1 12 0.910094
1 13 0.265257
1 14 0.893188
1 15 0.220351
1 16 0.631798
1 17 0.571077
1 18 0.332158
1 19 0.104455
1 20 0.502931
1 21 0.567394
1 22 0.854165
1 23 0.0401409
1 24 0.108022
1 25 0.639396
2 26 0.013111
3 23 0.720184
4 18 0.101814
5 27 0.482945
6 28 0.254355
7 29 0.676697
8 30 0.896782
9 31 0.759896
9 32 0.720292
9 33 0.907623
9 34 0.928611
9 35 0.377663
9 36 0.899756
9 37 0.77888
9 38 0.324255
10 30 0.194231
11 39 0.995553
11 40 0.161296
11 41 0.708034
12 41 0.501519
13 41 0.936301
14 42 0.716323
15 43 0.10519
16 44 0.209205
16 45 0.559397
16 46 0.705432
16 47 0.0782337
16 48 0.51053
17 49 0.196197
18 50 0.274211
19 50 0.638602
20 51 0.448208
20 52 0.0398718
21 53 0.467251
22 54 0.0777565
23 55 0.0381004
24 55 0.160044
25 56 0.397832
26 57 0.688898
27 58 0.534712
28 59 0.68692
29 60 0.272457
30 61 0.465933
31 62 0.276555
32 7 0.450086
32 9 0.935069
33 63 0.0869318
34 62 0.453889
35 64 0.945625
36 64 0.0141639
36 65 0.855719
36 66 0.120976
36 67 0.234515
36 68 0.866313
36 69 0.43739
36 70 0.769548
36 71 0.874003
37 72 0.376934
38 21 0.944328
39 73 0.798493
39 74 0.838634
40 74 0.586052
40 75 0.946656
41 29 0.599163
42 76 0.319347
43 77 0.421162
44 78 0.904107
44 79 0.158462
45 80 0.835159
45 81 0.731942
46 82 0.491837
47 23 0.119752
47 83 0.212129
48 84 0.0483631
49 85 0.426026
50 86 0.325782
50 87 0.104662
50 88 0.428916
50 89 0.623148
50 90 0.6187
50 91 0.779997
51 92 0.488031
52 93 0.98955
53 93 0.956569
53 94 0.925851
53 95 0.642174
53 96 0.747365
54 78 0.515966
55 33 0.36738
55 97 0.221398
55 98 0.299632
55 99 0.810162
55 100 0.00635903
55 101 0.28057
55 102 0.919172
55 103 0.407252
55 104 0.874503
55 105 0.95226
55 106 0.99036
55 107 0.150404
55 108 0.548236
55 109 0.237134
56 49 0.771846
56 103 0.458766
56 107 0.731223
57 49 0.197155
57 107 0.473711
58 109 0.923797
59 110 0.858866
60 111 0.945798
61 63 0.570686
61 112 0.399686
61 113 0.345312
61 114 0.201031
61 115 0.322008
61 116 0.336171
62 117 0.437
63 118 0.87439
64 119 0.643938
65 35 0.517941
66 11 0.894874
66 14 0.839202
66 15 0.637695
66 19 0.476329
67 120 0.422985
68 34 0.00903642
69 34 0.608199
70 72 0.927547
71 121 0.348708
72 27 0.252815
72 42 0.411277
73 89 0.802097
73 90 0.85046
73 109 0.276486
73 121 0.978378
73 122 0.246436
73 123 0.470215
73 124 0.682345
74 125 0.602268
75 94 0.70693
76 97 0.135846
76 126 0.758994
77 127 0.377694
77 128 0.157691
78 129 0.645722
78 130 0.635273
78 131 0.561124
78 132 0.203298
78 133 0.950663
78 134 0.907232
79 77 0.423198
80 38 0.644596
81 38 0.75439
81 56 0.760749
81 135 0.944228
82 136 0.0413186
83 137 0.960491
84 138 0.327871
85 139 0.735123
86 140 0.609626
86 141 0.561885
86 142 0.552245
86 143 0.70265
87 71 0.0445171
87 74 0.120721
87 125 0.250886
87 144 0.488021
87 145 0.259866
87 146 0.718632
87 147 0.449855
87 148 0.64701
88 145 0.84918
88 147 0.248867
88 149 0.903383
89 19 0.594179
90 45 0.79521
91 150 0.117217
92 2 0.453389
93 151 0.0240753
94 94 0.461075
95 91 0.335465
96 27 0.979403
96 42 0.497344
97 152 0.392218
98 153 0.23142
99 154 0.869115
100 69 0.768428
100 154 0.345444
101 155 0.777465
102 156 0.385664
103 157 0.313211
103 158 0.661919
104 159 0.914734
105 57 0.572447
105 156 0.550825
105 160 0.326011
106 161 0.0210396
107 162 0.703384
107 163 0.505481
107 164 0.355941
107 165 0.632427
107 166 0.234695
107 167 0.941625
108 164 0.0774716
109 168 0.836466
110 168 0.21416
111 89 0.652846
111 169 0.371851
111 170 0.0175735
111 171 0.21397
112 79 0.417268
113 27 0.367931
113 94 0.275164
114 172 0.698362
114 173 0.342959
114 174 0.287187
114 175 0.0415765
114 176 0.802325
114 177 0.843644
114 178 0.804135
114 179 0.132005
114 180 0.867128
115 87 0.476754
116 181 0.0386389
116 182 0.590884
117 183 0.293534
118 183 0.54442
118 184 0.032441
119 185 0.292307
120 64 0.010939
121 186 0.460794
122 187 0.107803
123 188 0.228524
124 189 0.273041
125 190 0.176424
126 191 0.0256045
127 109 0.234466
127 192 0.274471
127 193 0.86865
127 194 0.66386
127 195 0.781077
127 196 0.258542
128 185 0.924046
128 192 0.719617
128 197 0.0550814
128 198 0.0344843
128 199 0.531828
129 35 0.155466
130 188 0.370025
130 200 0.0245813
130 201 0.138454
130 202 0.915918
131 181 0.301583
132 203 0.614793
133 203 0.276712
134 204 0.191446
135 205 0.517457
136 206 0.0899034
137 207 0.640728
138 37 0.661768
139 157 0.365152
140 208 0.870633
141 209 0.226574
142 129 0.859001
143 210 0.0936968
144 61 0.035322
144 151 0.112794
145 61 0.552844
145 151 0.20569
145 211 0.949259
145 212 0.163419
145 213 0.53527
145 214 0.41966
145 215 0.836928
145 216 0.20486
146 217 0.480023
147 218 0.178386
148 152 0.521344
149 186 0.808531
150 171 0.850107
151 138 0.300211
151 188 0.496077
151 219 0.652433
152 220 0.432217
153 38 0.299345
154 198 0.699155
154 199 0.243576
154 221 0.776098
154 222 0.814737
154 223 0.405621
155 55 0.276017
156 151 0.568324
157 224 0.579263
158 100 0.0400565
158 206 0.14786
158 225 0.376384
158 226 0.649425
158 227 0.825849
158 228 0.851454
158 229 0.125925
159 206 0.994575
160 146 0.658435
161 38 0.673979
161 230 0.439512
162 85 0.93252
163 231 0.652137
164 110 0.707218
165 115 0.741702
166 38 0.197576
166 232 0.27353
167 233 0.353042
168 234 0.377624
169 160 0.747649
170 101 0.886102
170 235 0.802021
171 236 0.103603
172 237 0.718396
173 221 0.995109
173 222 0.186555
173 238 0.704011
173 239 0.793915
174 227 0.434643
175 150 0.0964105
176 55 0.461562
177 42 0.332195
178 240 0.558769
179 164 0.417771
180 241 0.511468
181 214 0.54679
182 242 0.659583
183 71 0.772261
183 231 0.608842
184 42 0.307531
185 21 0.860375
186 215 0.066065
187 243 0.485725
188 244 0.322654
189 125 0.185922
189 245 0.527513
189 246 0.00753681
189 247 0.707266
189 248 0.515797
189 249 0.365905
190 56 0.0183374
191 250 0.514414
192 251 0.814625
193 252 0.246842
194 59 0.546186
195 59 0.322285
196 253 0.137021
197 211 0.542643
198 254 0.241798
198 255 0.485374
199 71 0.761391
200 256 0.329714
201 139 0.0968939
201 217 0.949034
201 244 0.908977
202 257 0.473278
203 258 0.122703
204 97 0.948552
205 224 0.800006
206 259 0.925931
207 154 0.920506
208 260 0.578941
209 224 0.0184528
210 13 0.692431
211 237 0.624952
212 261 0.277088
213 26 0.726009
213 237 0.927781
213 262 0.984306
213 263 0.999539
213 264 0.197115
213 265 0.550158
213 266 0.67543
214 267 0.561532
215 263 0.363553
215 266 0.185553
215 267 0.467156
216 268 0.180661
217 269 0.367216
218 152 0.0712273
218 269 0.865142
218 270 0.299785
219 118 0.396195
219 271 0.857758
219 272 0.189953
219 273 0.748722
219 274 0.166493
219 275 0.677961
219 276 0.22475
219 277 0.884334
219 278 0.493176
219 279 0.265437
219 280 0.572969
219 281 0.433344
219 282 0.499409
219 283 0.985134
219 284 0.307788
219 285 0.835301
219 286 0.842838
220 80 0.736027
220 287 0.0287602
220 288 0.251824
220 289 0.617729
221 290 0.636066
222 5 0.15048
223 38 0.965105
224 31 0.211947
224 38 0.080418
224 291 0.758134
225 292 0.217439
226 293 0.760082
227 294 0.00188016
228 295 0.487254
229 224 0.248644
230 296 0.578359
231 296 0.487336
232 115 0.43637
233 96 0.533264
234 96 0.00654204
235 297 0.129245
236 298 0.0777972
237 299 0.877803
238 77 0.803734
239 300 0.724239
240 301 0.30318
241 137 0.0140639
241 283 0.90041
241 302 0.321633
241 303 0.639015
241 304 0.916104
242 172 0.626419
242 305 0.625958
243 74 0.373231
243 154 0.823073
244 306 0.301012
244 307 0.976442
244 308 0.537974
245 111 0.901527
246 231 0.554236
246 309 0.368683
247 310 0.734897
248 203 0.102113
248 311 0.17334
249 42 0.0384823
250 297 0.338267
251 224 0.734463
252 312 0.59222
252 313 0.782173
253 270 0.530895
254 137 0.697388
255 160 0.375349
256 314 0.600099
257 315 0.484433
258 316 0.977609
259 151 0.243046
260 317 0.816015
261 113 0.249359
262 318 0.748768
263 262 0.733903
263 281 0.0416902
264 319 0.876991
265 320 0.719829
266 321 0.748589
266 322 0.484616
267 323 0.73644
268 145 0.354168
268 239 0.990234
269 205 0.140714
270 324 0.10582
271 46 0.317767
272 325 0.0759002
273 45 0.156318
274 110 0.373758
275 224 0.13384
276 46 0.906948
276 295 0.622974
276 326 0.13572
276 327 0.871618
276 328 0.449977
276 329 0.937314
276 330 0.373684
277 94 0.91349
278 165 0.0427351
279 331 0.120532
280 62 0.998335
281 32 0.802069
282 250 0.829488
282 332 0.526308
283 100 0.15112
283 228 0.165184
284 35 0.8042
285 23 0.720303
286 23 0.620713
287 333 0.247132
288 35 0.87309
289 224 0.696163
290 45 0.155033
290 76 0.78635
290 333 0.370406
290 334 0.0693941
290 335 0.346848
290 336 0.884823
290 337 0.709269
291 338 0.444166
292 339 0.546278
293 247 0.719619
293 256 0.758101
294 174 0.0963681
295 340 0.830831
296 106 0.205224
296 340 0.423051
297 340 0.736119
298 29 0.433507
298 76 0.808856
299 25 0.408955
300 254 0.893388
301 49 0.870997
302 103 0.114043
302 106 0.930059
302 107 0.179418
303 22 0.58077
303 77 0.928186
303 313 0.662089
303 341 0.703779
304 13 0.049188
304 312 0.300599
305 42 0.533804
306 180 0.270243
307 342 0.624412
308 16 0.614646
309 343 0.755361
310 160 0.86118
311 344 0.178947
312 168 0.254847
312 345 0.411165
313 342 0.784923
314 346 0.918763
314 347 0.0544826
315 70 0.677457
316 216 0.549075
317 292 0.999052
318 81 0.936366
319 10 0.31005
320 300 0.216998
321 331 0.130488
322 348 0.173223
323 299 0.293755
324 349 0.292091
325 64 0.620467
325 66 0.0941593
326 268 0.449955
327 68 0.601075
328 247 0.76626
329 135 0.570459
330 38 0.911476
330 257 0.290762
331 38 0.158607
332 116 0.797255
332 350 0.0316973
332 351 0.72786
332 352 0.167661
333 240 0.514509
333 321 0.399332
334 39 0.185682
334 150 0.340714
335 3 0.07362
335 39 0.049983
335 45 0.445345
335 321 0.0404269
335 353 0.494148
335 354 0.760046
335 355 0.518146
335 356 0.614515
335 357 0.868396
336 66 0.809739
337 13 0.243246
337 24 0.0521023
338 160 0.461058
339 160 0.354446
340 358 0.225443
341 359 0.339486
342 38 0.0392373
342 110 0.448962
342 299 0.269544
342 360 0.377149
343 314 0.624385
343 361 0.743016
343 362 0.323786
343 363 0.673573
343 364 0.207377
344 339 0.716678
344 365 0.47762
344 366 0.102032
344 367 0.472039
345 94 0.333219
346 51 0.512166
347 67 0.767013
348 289 0.178178
349 368 0.963101
350 128 0.936346
350 320 0.613803
350 369 0.881864
350 370 0.162878
351 301 0.0982959
351 371 0.16193
351 372 0.408346
352 373 0.625344
353 374 0.755832
353 375 0.929055
354 161 0.22281
355 13 0.679482
355 22 0.0468174
355 78 0.514901
355 79 0.280558
355 161 0.819515
355 186 0.60906
355 205 0.0098194
355 376 0.229527
355 377 0.617277
355 378 0.908039
355 379 0.978122
356 265 0.73768
356 380 0.534935
357 216 0.702595
358 278 0.217105
359 23 0.616437
360 13 0.802118
360 18 0.142832
361 114 0.686964
361 219 0.192815
361 318 0.727391
362 60 0.487436
362 108 0.620097
362 381 0.00558285
363 151 0.0654428
364 42 0.933839
364 382 0.00745887
365 35 0.817198
366 250 0.060444
367 86 0.112546
368 210 0.573604
369 210 0.153492
369 383 0.92805
369 384 0.492978
370 385 0.762523
370 386 0.211485
371 300 0.588633
372 387 0.627871
373 32 0.370887
374 281 0.694673
375 59 0.319058
376 87 0.992631
377 262 0.200008
378 388 0.677629
379 389 0.779661
380 85 0.968379
380 157 0.301598
380 390 0.496339
380 391 0.813764
380 392 0.580777
380 393 0.758955
381 390 0.722056
382 391 0.603919
383 82 0.540266
383 153 0.154068
383 261 0.577172
383 268 0.478876
383 342 0.316946
383 352 0.985518
384 371 0.610861
385 160 0.366693
386 235 0.295748
387 394 0.518558
388 180 0.0334582
389 395 0.642518
390 205 0.872045
391 276 0.551528
391 396 0.832086
391 397 0.878903
392 396 0.496179
393 398 0.404218
394 399 0.223733
395 92 0.211675
395 109 0.186884
395 187 0.484289
395 400 0.201855
395 401 0.949354
396 152 0.403989
396 187 0.822544
396 331 0.965376
396 402 0.0204256
397 137 0.158192
397 303 0.845156
398 231 0.572546
399 45 0.0599828
399 403 0.0655656
400 23 0.685663
401 404 0.751106
402 405 0.684945
403 50 0.184245
403 54 0.682592
403 72 0.830716
403 168 0.256196
403 188 0.570045
403 404 0.593238
403 405 0.804723
403 406 0.692404
403 407 0.509601
403 408 0.337737
404 54 0.0212271
404 168 0.392114
404 409 0.393356
404 410 0.0867869
405 119 0.598485
405 188 0.398476
405 317 0.405845
406 50 0.276114
407 152 0.0557746
408 94 0.552114
409 273 0.635854
409 368 0.82209
409 411 0.520493
409 412 0.216631
410 413 0.975586
410 414 0.697641
410 415 0.301561
411 103 0.841826
411 105 0.995895
412 94 0.312841
412 217 0.791717
412 382 0.965268
412 416 0.368889
412 417 0.354407
412 418 0.331961
413 319 0.245815
413 338 0.179724
413 348 0.694288
413 387 0.146266
413 419 0.627708
413 420 0.822242
413 421 0.077901
414 406 0.956804
414 407 0.452983
415 289 0.857202
416 60 0.0809349
417 78 0.28279
417 186 0.494465
418 43 0.443819
419 422 0.928108
419 423 0.114992
420 424 0.518981
421 424 0.539407
422 424 0.36195
423 46 0.485518
423 80 0.327327
424 42 0.330674
424 58 0.842886
424 93 0.00533623
424 94 0.90322
424 95 0.605125
424 109 0.383303
424 217 0.150482
424 234 0.86132
424 316 0.61198
424 416 0.922533
424 418 0.214019
424 425 0.963203
424 426 0.0287686
424 427 0.714432
424 428 0.465537
424 429 0.352487
424 430 0.0455656
424 431 0.807257
425 397 0.0265633
426 293 0.418677
427 432 0.505464
428 433 0.911309
429 434 0.309786
430 256 0.90827
431 32 0.184384
432 79 0.240159
433 435 0.792273
434 38 0.134856
434 436 0.312765
435 160 0.77071
436 404 0.987341
436 405 0.962927
437 86 0.660568
438 13 0.803955
438 262 0.962129
438 431 0.79985
439 180 0.112691
440 184 0.273297
440 432 0.904408
441 437 0.627704
442 224 0.592972
443 77 0.924933
444 77 0.552641
445 77 0.698907
446 93 0.878632
447 240 0.700874
448 20 0.640977
448 94 0.395162
449 438 0.718878
450 113 0.675682
451 116 0.985867
451 439 0.128665
451 440 0.066802
452 441 0.349592
453 389 0.287876
453 441 0.844057
454 441 0.215983
455 66 0.330976
456 180 0.849957
457 442 0.389364
458 76 0.751314
459 412 0.0786409
460 387 0.564159
461 61 0.894833
462 61 0.798053
463 61 0.761256
464 250 0.790024
465 53 0.504456
465 241 0.120476
465 308 0.969993
466 28 0.963362
467 111 0.315849
468 261 0.238382
469 43 0.704827
469 248 0.843506
470 21 0.750392
471 188 0.133695
471 443 0.347714
471 444 0.154971
472 152 0.76695
473 116 0.276899
473 218 0.852356
473 388 0.217527
473 445 0.772287
473 446 0.79885
473 447 0.722991
473 448 0.6343
473 449 0.944086
473 450 0.0367403
474 13 0.0691718
475 404 0.516793
475 409 0.381937
476 152 0.287503
477 242 0.274844
478 160 0.237771
479 29 0.898339
480 261 0.664423
480 387 0.860468
481 434 0.464273
482 338 0.576964
483 152 0.481372
484 451 0.754669
485 28 0.382373
486 152 0.975346
487 446 0.900279
488 189 0.45292
489 431 0.0304592
489 452 0.151828
490 450 0.731333
491 450 0.126495
492 49 0.767472
493 211 0.48635
494 12 0.162032
495 111 0.290697
496 27 0.692958
496 42 0.824891
496 94 0.0408739
496 209 0.221807
496 286 0.61117
496 382 0.37185
496 453 0.276564
496 454 0.343366
496 455 0.537015
497 13 0.362485
498 18 0.441126
499 456 0.00528459
500 457 0.900117
501 456 0.7239
501 457 0.753906
501 458 0.69817
501 459 0.459426
501 460 0.24945
502 343 0.844376
503 114 0.807737
504 115 0.123586
505 85 0.361968
506 355 0.205474
507 381 0.9103
508 360 0.660693
509 444 0.794388
510 89 0.142101
510 171 0.297072
511 220 0.635159
511 461 0.0640223
511 462 0.836309
512 463 0.852686
512 464 0.575677
513 44 0.38923
513 45 0.771167
513 47 0.287961
513 48 0.575464
513 319 0.0880783
513 383 0.209977
513 465 0.154063
513 466 0.00641908
513 467 0.0431594
513 468 0.320058
513 469 0.850308
514 124 0.511307
514 298 0.97558
514 470 0.986417
514 471 0.846884
515 434 0.552544
516 96 0.0339166
517 370 0.788586
518 360 0.170959
519 35 0.146305
520 472 0.0465835
521 154 0.499504
522 71 0.651331
523 294 0.68179
523 468 0.413123
524 60 0.539618
525 205 0.30709
526 60 0.79344
527 25 0.955472
528 369 0.24617
529 441 0.522734
530 109 0.166665
530 193 0.559059
530 194 0.0960743
530 195 0.555495
530 196 0.52915
530 400 0.920965
530 401 0.333688
530 473 0.866101
530 474 0.961839
530 475 0.970276
531 476 0.97556
531 477 0.875677
532 109 0.604906
532 195 0.282724
532 197 0.573848
532 359 0.76053
532 460 0.0332738
532 478 0.0366305
533 479 0.412643
534 480 0.536229
535 46 0.469052
535 52 0.0139715
535 203 0.898197
535 207 0.674664
535 481 0.103671
536 213 0.611153
537 296 0.908225
538 79 0.972247
539 482 0.808556
540 213 0.443715
541 77 0.296401
542 283 0.0820547
542 483 0.872078
542 484 0.236118
543 35 0.242537
544 35 0.285696
545 211 0.605754
546 295 0.994984
547 485 0.766152
548 30 0.629576
548 51 0.479884
548 59 0.912571
548 120 0.554379
548 435 0.401263
548 485 0.567962
548 486 0.0541124
549 90 0.888151
550 451 0.440695
551 244 0.474612
552 218 0.263198
553 201 0.434157
554 392 0.580462
555 41 0.627046
556 28 0.126549
557 369 0.77788
558 289 0.459671
559 317 0.872794
560 487 0.412412
560 488 0.719503
561 152 0.512943
562 13 0.468416
562 479 0.714585
563 479 0.23732
564 271 0.103421
565 42 0.66248
566 81 0.679519
566 394 0.641358
566 489 0.758554
567 34 0.975046
567 36 0.530541
568 49 0.697206
569 40 0.226356
570 66 0.196632
571 109 0.734876
571 359 0.974346
571 459 0.172192
571 460 0.0478696
571 478 0.621717
571 490 0.654991
571 491 0.937715
572 440 0.339782
573 458 0.752426
574 437 0.288655
575 205 0.186852
576 190 0.290523
576 258 0.304494
576 437 0.0593635
576 442 0.979159
576 466 0.44821
577 22 0.967589
578 241 0.939836
579 59 0.748393
580 492 0.192108
581 34 0.488509
582 493 0.360586
583 118 0.678759
583 373 0.921295
583 424 0.442641
584 245 0.206991
585 378 0.812746
586 25 0.80773
587 226 0.573882
588 186 0.627994
589 186 0.25757
590 175 0.737454
591 251 0.859795
591 252 0.261059
591 350 0.502476
591 351 0.977088
591 352 0.674443
591 494 0.305416
591 495 0.173629
591 496 0.0617804
591 497 0.240285
592 165 0.254905
593 343 0.881951
594 27 0.00850015
595 498 0.786381
596 237 0.246051
597 215 0.118845
598 434 0.531258
599 243 0.232119
599 306 0.763703
599 499 0.25076
599 500 0.946704
600 437 0.184024
601 172 0.287444
602 18 0.949924
603 113 0.708479
604 436 0.387998
605 42 0.0293553
606 55 0.00440142
607 12 0.534943
608 121 0.232149
609 188 0.458505
610 295 0.655137
611 292 0.827329
612 58 0.875199
612 418 0.151907
612 479 0.496916
613 96 0.0896225
614 293 0.0639682
615 151 0.798844
616 289 0.138627
617 261 0.891052
618 256 0.179707
619 18 0.366559
620 135 0.657082
621 501 0.961576
622 289 0.940735
623 502 0.388945
624 137 0.448309
625 235 0.415897
626 503 0.355734
627 378 0.104126
628 205 0.296234
629 186 0.784742
630 86 0.145329
631 81 0.58797
632 173 0.266728
632 176 0.188023
633 176 0.395014
633 290 0.20776
634 504 0.0154902
635 62 0.217366
635 123 0.589372
635 505 0.474937
636 94 0.212391
636 302 0.517807
637 56 0.377603
638 86 0.638661
639 244 0.812291
640 106 0.874071
641 343 0.523268
641 433 0.268363
641 504 0.59392
641 506 0.376547
641 507 0.353634
642 412 0.405219
643 82 0.413719
644 393 0.200099
645 412 0.44615
646 27 0.564996
647 28 0.0962532
648 93 0.110717
648 501 0.347013
649 307 0.342836
650 86 0.28954
651 173 0.761008
651 291 0.473564
652 270 0.710933
653 331 0.419411
654 412 0.807409
655 452 0.836764
656 78 0.841165
657 233 0.376108
658 80 0.0732513
658 140 0.549229
658 141 0.424428
658 142 0.921344
658 143 0.162874
658 233 0.721899
658 292 0.608257
658 441 0.066762
658 508 0.226842
659 5 0.0256863
660 13 0.164313
661 111 0.235072
661 509 0.0553651
662 399 0.258713
662 510 0.601631
662 511 0.220289
663 357 0.549969
663 512 0.161024
664 13 0.998278
665 279 0.769909
665 479 0.414176
666 486 0.874035
667 186 0.170269
668 186 0.955011
669 235 0.10034
670 345 0.688309
671 160 0.955038
672 160 0.143061
673 288 0.538075
674 84 0.745835
675 315 0.761326
675 395 0.350698
676 77 0.568064
677 261 0.043001
678 99 0.255392
679 155 0.789463
679 253 0.601754
679 513 0.773199
679 514 0.150802
680 296 0.799926
680 308 0.0682891
680 315 0.475825
680 513 0.852372
680 514 0.206006
681 315 0.591557
682 69 0.996775
683 96 0.410494
684 515 0.610593
685 273 0.0567439
685 412 0.62174
685 515 0.717993
686 441 0.0650063
687 441 0.175723
688 43 0.518559
689 22 0.281662
689 159 0.817186
689 182 0.173014
689 347 0.0426704
689 516 0.808098
689 517 0.753603
689 518 0.980423
690 374 0.658352
691 494 0.0344595
691 519 0.642716
692 98 0.709478
693 1 0.431378
694 94 0.980606
694 109 0.0347094
694 139 0.815031
694 259 0.399629
694 375 0.562503
694 416 0.326378
694 417 0.789345
694 423 0.871413
694 520 0.405034
694 521 0.979344
694 522 0.269782
695 361 0.130126
695 363 0.473862
695 364 0.243771
695 480 0.511439
695 507 0.0596865
695 523 0.350415
695 524 0.0614084
695 525 0.117807
695 526 0.288076
696 51 0.243087
697 152 0.343427
698 152 0.0317366
699 232 0.986774
700 96 0.129835
701 480 0.413746
701 527 0.66791
702 364 0.175071
703 404 0.525769
704 528 0.0938329
705 529 0.136834
706 191 0.392226
707 529 0.165425
708 167 0.316227
709 10 0.105691
710 59 0.707445
711 389 0.18327
712 125 0.0356416
713 40 0.241648
714 58 0.109863
714 84 0.719283
714 109 0.180766
714 117 0.397767
714 139 0.776027
714 416 0.70142
714 418 0.356489
714 431 0.875048
714 489 0.10869
714 530 0.0415744
714 531 0.698196
714 532 0.11576
715 4 0.683146
716 319 0.964808
717 493 0.00747874
718 111 0.914518
718 309 0.761082
718 434 0.934096
719 434 0.731705
720 309 0.390056
721 168 0.424516
722 277 0.208088
722 529 0.0672322
722 533 0.77671
723 443 0.188694
724 286 0.593729
725 152 0.920107
726 379 0.319736
727 320 0.882239
728 118 0.671584
728 136 0.465959
728 166 0.641863
728 260 0.122403
728 262 0.486615
728 276 0.500669
728 431 0.771988
728 534 0.77045
729 256 0.633842
730 378 0.695251
730 379 0.754937
731 377 0.228799
732 314 0.472571
733 220 0.590377
734 299 0.878453
735 28 0.12154
735 150 0.496704
735 242 0.464967
735 293 0.483478
735 355 0.613313
735 398 0.281223
736 300 0.694968
737 202 0.870039
738 332 0.395808
738 415 0.489641
739 250 0.0187011
739 310 0.626475
739 415 0.184127
740 96 0.500354
741 289 0.606045
742 109 0.313489
743 308 0.5324
743 514 0.496759
744 513 0.774048
745 155 0.815623
745 253 0.925486
745 308 0.626907
746 39 0.325102
747 152 0.433792
748 226 0.153076
749 323 0.929103
750 270 0.32687
751 483 0.44263
752 113 0.623396
753 312 0.979886
754 369 0.854933
755 0 0.53808
756 331 0.502888
757 535 0.510367
757 536 0.271448
758 154 0.205544
759 62 0.120062
760 85 0.851767
761 314 0.241824
762 55 0.510282
762 76 0.66634
762 344 0.71837
762 537 0.733572
763 395 0.4209
763 502 0.500793
763 516 0.907065
764 467 0.740636
765 348 0.622874
766 129 0.294458
766 130 0.781073
766 131 0.747701
766 133 0.518152
766 134 0.160015
766 493 0.247033
767 18 0.932003
768 384 0.0544061
769 86 0.688248
770 341 0.383499
771 81 0.138436
772 10 0.367235
773 109 0.430183
773 459 0.839806
774 109 0.430176
774 538 0.308636
775 57 0.895143
775 109 0.391847
776 109 0.875325
777 109 0.769861
777 539 0.488638
778 51 0.464829
778 438 0.334868
779 261 0.730677
780 23 0.220318
781 13 0.846793
782 30 0.0496206
782 486 0.865494
783 397 0.549975
784 52 0.156019
785 156 0.469508
786 103 0.966267
787 172 0.272716
787 258 0.498668
787 451 0.640732
787 466 0.0883389
787 540 0.0138253
788 540 0.965834
789 247 0.399627
790 247 0.552703
791 198 0.481806
792 377 0.808677
792 378 0.251307
793 377 0.874703
794 42 0.854589
795 49 0.709522
796 67 0.737849
796 70 0.857911
796 71 0.709678
796 367 0.75049
796 386 0.532305
796 535 0.247602
796 536 0.260857
797 188 0.951502
798 541 0.617841
799 508 0.351413
800 534 0.861695
801 113 0.580066
802 27 0.48713
803 216 0.987924
804 514 0.408823
805 21 0.149459
806 115 0.772333
807 203 0.0667917
808 159 0.842599
808 325 0.0948978
808 346 0.847865
809 325 0.360751
810 109 0.195423
810 234 0.520766
810 265 0.452768
810 542 0.507175
810 543 0.578922
811 45 0.924399
811 111 0.084593
811 333 0.717358
811 544 0.354582
812 372 0.663217
813 165 0.0933935
814 46 0.576781
814 132 0.111692
814 159 0.0483168
814 184 0.0268067
814 255 0.082826
814 307 0.514207
814 351 0.168576
814 358 0.977186
814 399 0.264899
814 403 0.682855
814 414 0.60102
814 472 0.313905
814 488 0.979036
814 498 0.939959
814 510 0.988537
814 511 0.64869
814 512 0.380384
814 524 0.0445814
814 528 0.255709
814 545 0.744347
814 546 0.7328
814 547 0.202309
814 548 0.667243
814 549 0.0282982
814 550 0.0421234
815 152 0.891503
816 250 0.14281
817 189 0.581624
817 473 0.0175129
817 492 0.872102
818 500 0.829226
819 18 0.579716
820 323 0.840572
820 518 0.372877
821 111 0.110726
822 226 0.968638
823 170 0.678316
824 398 0.629818
825 299 0.247659
826 264 0.599073
827 297 0.460768
828 270 0.0408336
